 1.2e-11  1.1e-11  1.0e-11  1.2e-11  8.8e-12  7.4e-12  1.1e-11  1.0e-11  7.2e-12  5.6e-12  9.3e-12  1.0e-11  8.6e-12  5.6e-12  6.3e-12  6.1e-12  7.2e-13  6.4e-13  5.9e-13  7.1e-13  5.1e-13  3.6e-13  6.3e-13  6.0e-13  3.8e-13  2.5e-13  4.9e-13  5.6e-13  4.9e-13  2.0e-13  2.9e-13  2.9e-13
 1.1e-11  1.2e-11  8.8e-12  1.1e-11  1.0e-11  6.3e-12  1.0e-11  1.1e-11  8.1e-12  4.9e-12  8.5e-12  9.9e-12  9.1e-12  6.2e-12  5.8e-12  6.0e-12  5.9e-13  5.5e-13  4.7e-13  6.0e-13  4.5e-13  2.8e-13  5.2e-13  5.1e-13  3.4e-13  2.0e-13  4.0e-13  4.7e-13  4.2e-13  1.8e-13  2.4e-13  2.4e-13
 1.0e-11  8.8e-12  1.1e-11  1.0e-11  7.7e-12  8.9e-12  1.1e-11  9.7e-12  6.9e-12  7.0e-12  1.0e-11  1.0e-11  8.4e-12  5.7e-12  7.1e-12  6.5e-12  6.1e-13  5.5e-13  6.0e-13  6.4e-13  5.0e-13  4.6e-13  6.3e-13  6.2e-13  4.3e-13  3.7e-13  5.5e-13  6.0e-13  5.5e-13  3.1e-13  3.8e-13  3.5e-13
 1.2e-11  1.1e-11  1.0e-11  1.3e-11  1.0e-11  7.7e-12  1.2e-11  1.2e-11  8.7e-12  6.1e-12  1.1e-11  1.2e-11  1.1e-11  7.0e-12  7.2e-12  7.4e-12  6.8e-13  6.3e-13  5.8e-13  7.1e-13  5.2e-13  3.7e-13  6.4e-13  6.3e-13  4.2e-13  2.6e-13  5.1e-13  5.9e-13  5.3e-13  2.6e-13  3.1e-13  3.1e-13
 8.8e-12  1.0e-11  7.7e-12  1.0e-11  1.1e-11  6.1e-12  9.5e-12  1.1e-11  9.9e-12  5.2e-12  8.5e-12  1.0e-11  1.0e-11  7.9e-12  6.4e-12  7.1e-12  4.4e-13  4.2e-13  4.0e-13  4.7e-13  4.3e-13  2.9e-13  4.4e-13  4.7e-13  3.8e-13  2.5e-13  3.9e-13  4.4e-13  4.6e-13  2.9e-13  3.0e-13  3.0e-13
 7.4e-12  6.3e-12  8.9e-12  7.7e-12  6.1e-12  1.0e-11  9.4e-12  7.9e-12  6.3e-12  8.8e-12  1.0e-11  9.1e-12  7.7e-12  5.9e-12  8.1e-12  6.8e-12  3.9e-13  3.6e-13  4.8e-13  4.3e-13  3.9e-13  4.9e-13  5.0e-13  5.0e-13  4.2e-13  4.8e-13  5.1e-13  5.3e-13  5.1e-13  3.9e-13  4.5e-13  4.0e-13
 1.1e-11  1.0e-11  1.1e-11  1.2e-11  9.5e-12  9.4e-12  1.3e-11  1.2e-11  8.9e-12  7.8e-12  1.2e-11  1.3e-11  1.1e-11  7.7e-12  8.9e-12  8.6e-12  6.4e-13  5.9e-13  6.2e-13  6.9e-13  5.4e-13  4.7e-13  6.9e-13  6.8e-13  4.8e-13  3.8e-13  5.9e-13  6.7e-13  6.2e-13  3.7e-13  4.1e-13  4.0e-13
 1.0e-11  1.1e-11  9.7e-12  1.2e-11  1.1e-11  7.9e-12  1.2e-11  1.3e-11  1.0e-11  6.9e-12  1.2e-11  1.3e-11  1.3e-11  9.1e-12  8.7e-12  9.3e-12  6.0e-13  5.6e-13  5.7e-13  6.5e-13  5.5e-13  4.3e-13  6.4e-13  6.7e-13  5.2e-13  3.7e-13  5.7e-13  6.5e-13  6.5e-13  4.1e-13  4.5e-13  4.5e-13
 7.2e-12  8.1e-12  6.9e-12  8.7e-12  9.9e-12  6.3e-12  8.9e-12  1.0e-11  1.2e-11  6.1e-12  8.8e-12  1.0e-11  1.1e-11  1.0e-11  7.6e-12  8.7e-12  3.7e-13  3.6e-13  3.9e-13  4.1e-13  4.4e-13  3.5e-13  4.3e-13  5.0e-13  4.8e-13  3.5e-13  4.5e-13  4.8e-13  5.6e-13  4.4e-13  4.2e-13  4.3e-13
 5.6e-12  4.9e-12  7.0e-12  6.1e-12  5.2e-12  8.8e-12  7.8e-12  6.9e-12  6.1e-12  1.1e-11  9.4e-12  8.2e-12  7.4e-12  6.3e-12  9.7e-12  7.7e-12  2.9e-13  2.8e-13  4.2e-13  3.5e-13  4.0e-13  4.8e-13  4.5e-13  5.1e-13  4.7e-13  6.2e-13  5.3e-13  5.5e-13  5.8e-13  5.1e-13  6.3e-13  5.3e-13
 9.3e-12  8.5e-12  1.0e-11  1.1e-11  8.5e-12  1.0e-11  1.2e-11  1.2e-11  8.8e-12  9.4e-12  1.3e-11  1.3e-11  1.1e-11  8.2e-12  1.1e-11  9.7e-12  5.4e-13  5.0e-13  5.7e-13  5.9e-13  5.2e-13  4.9e-13  6.2e-13  6.5e-13  5.2e-13  4.7e-13  6.1e-13  6.6e-13  6.6e-13  4.6e-13  5.4e-13  5.0e-13
 1.0e-11  9.9e-12  1.0e-11  1.2e-11  1.0e-11  9.1e-12  1.3e-11  1.3e-11  1.0e-11  8.2e-12  1.3e-11  1.5e-11  1.3e-11  9.2e-12  1.0e-11  1.0e-11  5.9e-13  5.4e-13  5.9e-13  6.4e-13  5.4e-13  4.8e-13  6.6e-13  6.8e-13  5.3e-13  4.4e-13  6.2e-13  6.9e-13  6.8e-13  4.5e-13  5.2e-13  5.0e-13
 8.6e-12  9.1e-12  8.4e-12  1.1e-11  1.0e-11  7.7e-12  1.1e-11  1.3e-11  1.1e-11  7.4e-12  1.1e-11  1.3e-11  1.4e-11  1.1e-11  9.7e-12  1.1e-11  5.2e-13  5.0e-13  5.3e-13  5.8e-13  5.7e-13  4.4e-13  6.0e-13  6.8e-13  6.0e-13  4.5e-13  5.9e-13  6.6e-13  7.4e-13  5.6e-13  5.9e-13  5.9e-13
 5.6e-12  6.2e-12  5.7e-12  7.0e-12  7.9e-12  5.9e-12  7.7e-12  9.1e-12  1.0e-11  6.3e-12  8.2e-12  9.2e-12  1.1e-11  1.5e-11  8.1e-12  9.5e-12  2.4e-13  2.5e-13  3.2e-13  3.1e-13  3.9e-13  3.7e-13  3.8e-13  4.7e-13  5.0e-13  4.3e-13  4.4e-13  4.8e-13  6.1e-13  6.4e-13  5.1e-13  5.0e-13
 6.3e-12  5.8e-12  7.1e-12  7.2e-12  6.4e-12  8.1e-12  8.9e-12  8.7e-12  7.6e-12  9.7e-12  1.1e-11  1.0e-11  9.7e-12  8.1e-12  1.2e-11  1.0e-11  3.9e-13  3.9e-13  4.6e-13  4.4e-13  5.0e-13  4.4e-13  5.1e-13  6.1e-13  5.6e-13  5.9e-13  5.7e-13  6.4e-13  7.2e-13  5.9e-13  8.0e-13  7.3e-13
 6.1e-12  6.0e-12  6.5e-12  7.4e-12  7.1e-12  6.8e-12  8.6e-12  9.3e-12  8.7e-12  7.7e-12  9.7e-12  1.0e-11  1.1e-11  9.5e-12  1.0e-11  1.2e-11  3.6e-13  3.4e-13  4.0e-13  4.0e-13  4.5e-13  3.9e-13  4.4e-13  5.5e-13  5.1e-13  4.7e-13  5.0e-13  5.6e-13  6.5e-13  5.2e-13  7.0e-13  7.2e-13
 7.2e-13  5.9e-13  6.1e-13  6.8e-13  4.4e-13  3.9e-13  6.4e-13  6.0e-13  3.7e-13  2.9e-13  5.4e-13  5.9e-13  5.2e-13  2.4e-13  3.9e-13  3.6e-13  7.7e-13  6.9e-13  6.6e-13  7.6e-13  5.7e-13  4.4e-13  6.9e-13  6.8e-13  4.5e-13  3.3e-13  5.7e-13  6.4e-13  5.8e-13  2.8e-13  4.1e-13  3.9e-13
 6.4e-13  5.5e-13  5.5e-13  6.3e-13  4.2e-13  3.6e-13  5.9e-13  5.6e-13  3.6e-13  2.8e-13  5.0e-13  5.4e-13  5.0e-13  2.5e-13  3.9e-13  3.4e-13  6.9e-13  6.5e-13  5.8e-13  7.0e-13  5.4e-13  3.9e-13  6.2e-13  6.3e-13  4.3e-13  3.1e-13  5.3e-13  5.9e-13  5.6e-13  2.8e-13  4.0e-13  3.8e-13
 5.9e-13  4.7e-13  6.0e-13  5.8e-13  4.0e-13  4.8e-13  6.2e-13  5.7e-13  3.9e-13  4.2e-13  5.7e-13  5.9e-13  5.3e-13  3.2e-13  4.6e-13  4.0e-13  6.6e-13  5.8e-13  6.8e-13  6.9e-13  5.4e-13  5.5e-13  7.0e-13  6.8e-13  4.9e-13  4.6e-13  6.3e-13  6.9e-13  6.3e-13  3.8e-13  4.9e-13  4.5e-13
 7.1e-13  6.0e-13  6.4e-13  7.1e-13  4.7e-13  4.3e-13  6.9e-13  6.5e-13  4.1e-13  3.5e-13  5.9e-13  6.4e-13  5.8e-13  3.1e-13  4.4e-13  4.0e-13  7.6e-13  7.0e-13  6.9e-13  7.9e-13  6.0e-13  4.8e-13  7.4e-13  7.4e-13  5.1e-13  3.9e-13  6.3e-13  7.1e-13  6.6e-13  3.7e-13  4.7e-13  4.5e-13
 5.1e-13  4.5e-13  5.0e-13  5.2e-13  4.3e-13  3.9e-13  5.4e-13  5.5e-13  4.4e-13  4.0e-13  5.2e-13  5.4e-13  5.7e-13  3.9e-13  5.0e-13  4.5e-13  5.7e-13  5.4e-13  5.4e-13  6.0e-13  5.5e-13  4.2e-13  5.8e-13  6.4e-13  5.1e-13  4.0e-13  5.4e-13  6.0e-13  6.3e-13  4.2e-13  5.0e-13  4.8e-13
 3.6e-13  2.8e-13  4.6e-13  3.7e-13  2.9e-13  4.9e-13  4.7e-13  4.3e-13  3.5e-13  4.8e-13  4.9e-13  4.8e-13  4.4e-13  3.7e-13  4.4e-13  3.9e-13  4.4e-13  3.9e-13  5.5e-13  4.8e-13  4.2e-13  5.7e-13  5.7e-13  5.6e-13  4.5e-13  5.2e-13  5.7e-13  5.9e-13  5.6e-13  4.3e-13  4.9e-13  4.5e-13
 6.3e-13  5.2e-13  6.3e-13  6.4e-13  4.4e-13  5.0e-13  6.9e-13  6.4e-13  4.3e-13  4.5e-13  6.2e-13  6.6e-13  6.0e-13  3.8e-13  5.1e-13  4.4e-13  6.9e-13  6.2e-13  7.0e-13  7.4e-13  5.8e-13  5.7e-13  7.7e-13  7.6e-13  5.6e-13  5.0e-13  6.9e-13  7.6e-13  7.1e-13  4.6e-13  5.5e-13  5.1e-13
 6.0e-13  5.1e-13  6.2e-13  6.3e-13  4.7e-13  5.0e-13  6.8e-13  6.7e-13  5.0e-13  5.1e-13  6.5e-13  6.8e-13  6.8e-13  4.7e-13  6.1e-13  5.5e-13  6.8e-13  6.3e-13  6.8e-13  7.4e-13  6.4e-13  5.6e-13  7.6e-13  8.0e-13  6.2e-13  5.2e-13  7.0e-13  7.9e-13  7.9e-13  5.5e-13  6.3e-13  6.0e-13
 3.8e-13  3.4e-13  4.3e-13  4.2e-13  3.8e-13  4.2e-13  4.8e-13  5.2e-13  4.8e-13  4.7e-13  5.2e-13  5.3e-13  6.0e-13  5.0e-13  5.6e-13  5.1e-13  4.5e-13  4.3e-13  4.9e-13  5.1e-13  5.1e-13  4.5e-13  5.6e-13  6.2e-13  5.7e-13  4.7e-13  5.6e-13  6.2e-13  6.9e-13  5.5e-13  5.6e-13  5.5e-13
 2.5e-13  2.0e-13  3.7e-13  2.6e-13  2.5e-13  4.8e-13  3.8e-13  3.7e-13  3.5e-13  6.2e-13  4.7e-13  4.4e-13  4.5e-13  4.3e-13  5.9e-13  4.7e-13  3.3e-13  3.1e-13  4.6e-13  3.9e-13  4.0e-13  5.2e-13  5.0e-13  5.2e-13  4.7e-13  6.2e-13  5.5e-13  5.7e-13  5.8e-13  4.9e-13  6.1e-13  5.2e-13
 4.9e-13  4.0e-13  5.5e-13  5.1e-13  3.9e-13  5.1e-13  5.9e-13  5.7e-13  4.5e-13  5.3e-13  6.1e-13  6.2e-13  5.9e-13  4.4e-13  5.7e-13  5.0e-13  5.7e-13  5.3e-13  6.3e-13  6.3e-13  5.4e-13  5.7e-13  6.9e-13  7.0e-13  5.6e-13  5.5e-13  6.8e-13  7.3e-13  7.2e-13  5.2e-13  6.1e-13  5.6e-13
 5.6e-13  4.7e-13  6.0e-13  5.9e-13  4.4e-13  5.3e-13  6.7e-13  6.5e-13  4.8e-13  5.5e-13  6.6e-13  6.9e-13  6.6e-13  4.8e-13  6.4e-13  5.6e-13  6.4e-13  5.9e-13  6.9e-13  7.1e-13  6.0e-13  5.9e-13  7.6e-13  7.9e-13  6.2e-13  5.7e-13  7.3e-13  8.0e-13  8.0e-13  5.7e-13  6.6e-13  6.2e-13
 4.9e-13  4.2e-13  5.5e-13  5.3e-13  4.6e-13  5.1e-13  6.2e-13  6.5e-13  5.6e-13  5.8e-13  6.6e-13  6.8e-13  7.4e-13  6.1e-13  7.2e-13  6.5e-13  5.8e-13  5.6e-13  6.3e-13  6.6e-13  6.3e-13  5.6e-13  7.1e-13  7.9e-13  6.9e-13  5.8e-13  7.2e-13  8.0e-13  8.7e-13  6.8e-13  7.2e-13  7.1e-13
 2.0e-13  1.8e-13  3.1e-13  2.6e-13  2.9e-13  3.9e-13  3.7e-13  4.1e-13  4.4e-13  5.1e-13  4.6e-13  4.5e-13  5.6e-13  6.4e-13  5.9e-13  5.2e-13  2.8e-13  2.8e-13  3.8e-13  3.7e-13  4.2e-13  4.3e-13  4.6e-13  5.5e-13  5.5e-13  4.9e-13  5.2e-13  5.7e-13  6.8e-13  7.1e-13  5.9e-13  5.8e-13
 2.9e-13  2.4e-13  3.8e-13  3.1e-13  3.0e-13  4.5e-13  4.1e-13  4.5e-13  4.2e-13  6.3e-13  5.4e-13  5.2e-13  5.9e-13  5.1e-13  8.0e-13  7.0e-13  4.1e-13  4.0e-13  4.9e-13  4.7e-13  5.0e-13  4.9e-13  5.5e-13  6.3e-13  5.6e-13  6.1e-13  6.1e-13  6.6e-13  7.2e-13  5.9e-13  7.9e-13  7.3e-13
 2.9e-13  2.4e-13  3.5e-13  3.1e-13  3.0e-13  4.0e-13  4.0e-13  4.5e-13  4.3e-13  5.3e-13  5.0e-13  5.0e-13  5.9e-13  5.0e-13  7.3e-13  7.2e-13  3.9e-13  3.8e-13  4.5e-13  4.5e-13  4.8e-13  4.5e-13  5.1e-13  6.0e-13  5.5e-13  5.2e-13  5.6e-13  6.2e-13  7.1e-13  5.8e-13  7.3e-13  7.5e-13
